3689
642
2959
4644
1693
993
3432
3052
4413
1259
2992
4539
1070
2764
4848
1208
2747
1227
1904
1772
894
1526
787
2335
2581
1102
696
335
608
1903
848
1575
5482
3049
704
441
1277
1574
2417
1410
611
1539
1606
1174
5643
780
2467
1251
2045
2543
1278
643
2210
1685
1101
1307
3052
355
842
2148
781
1119
1644
1341
492
848
2188
3739
1628
3628
5337
3705
996
1690
1942
2341
4352
4396
1003
12109
668
1091
1309
372
1264
822
768
1924
540
1515
6136
1356
327
913
1754
1773
972
477
1164
3449
1659
1035
971
1694
1984
1776
3649
7248
1482
354
1278
852
1104
3019
1643
1968
1689
2178
1891
1254
2571
2095
2594
2063
4012
1718
2148
1885
3676
1012
835
2744
594
2626
2450
2027
509
786
2839
2432
1583
1073
2277
237
1920
1397
752
1183
600
1657
2398
1873
1514
750
2056
3389
515
3114
382
2124
1606
1594
1582
962
1662
2439
7532
2329
2133
524
473
543
4082
4270
4709
1140
0
2894
908
5174
411
2348
423
627
6549
1859
1630
901
556
2001
418
6537
419
1822
471
937
989
8242
2117
4106
1463
854
4436
4168
1491
2965
232
714
2124
1504
5765
694
4814
1384
552
2072
1502
1406
1514
1819
2512
2516
2495
2183
602
540
939
1684
1294
656
2456
693
1139
352
1101
1140
1923
934
5400
3202
1815
5465
3735
2180
3204
664
367
1820
375
765
4754
1804
469
1649
1055
1005
1021
1295
218
1730
3667
1597
1968
869
1490
701
1338
1250
1654
1388
949
2071
2595
3589
2423
1522
1163
1876
740
801
1635
1708
2123
425
3853
577
2667
277
419
1217
1186
560
1082
184
542
1124
316
1615
3241
1589
740
877
1220
1702
2338
1104
1004
856
2952
2003
3470
6474
3917
1013
959
937
1489
1721
3508
736
784
1970
1416
508
1279
1881
414
1852
550
762
1209
1376
2956
1003
1008
1711
2520
2631
1427
1974
1063
743
3990
2731
2249
792
769
3224
279
570
490
1868
2417
1986
909
1460
637
703
2923
2157
411
5084
538
2002
1754
636
645
718
1752
1686
1056
1229
1908
978
2080
1852
1485
696
1405
1502
534
2496
1438
965
1645
3673
3143
2898
2165
3080
1113
269
844
1621
1720
2470
827
2238
1393
435
753
570
1893
400
640
1397
653
686
1143
2648
4759
1029
499
1211
1170
3723
1671
1771
2490
584
3406
1033
1088
1040
2329
2098
1640
2107
1393
3991
1550
1076
4376
1469
3770
458
1014
1599
25603
495
2036
1460
1247
2679
2025
3049
941
3587
585
1069
1147
643
1203
2776
1514
720
4793
1649
1826
3298
683
1404
1356
4106
773
3609
2606
1802
981
1657
1860
1082
1245
3785
1438
608
4090
1694
1178
711
3551
1049
1633
3037
2170
4116
2503
2321
8072
1552
1820
1545
1506
1943
1140
3618
2236
2344
9246
4897
6211
2463
2477
4653
7326
1840
6688
4018
4360
5544
8370
4837
2784
1821
3070
1563
5556
1062
321
3102
1422
1046
6688
1400
1890
638
385
3121
6292
1083
294
951
1008
1053
937
8144
3490
1248
1000
3897
1345
3716
6389
467
643
427
1687
1482
1499
669
5634
2199
609
884
1559
2314
3003
4769
2072
1742
1365
854
1693
2368
591
6125
1351
1011
3756
388
3789
3681
1783
1152
2621
2065
4081
1397
2289
369
2279
1767
684
1219
6180
4231
245
759
960
1376
360
1306
776
2457
964
892
3364
272
4741
1350
5667
1946
802
1062
1020
2133
610
2067
1159
2822
4645
1568
917
1346
1539
2180
1488
2814
1008
754
2396
1359
1879
1476
4132
2746
896
3197
1272
1353
1397
2762
1577
2261
375
736
1825
1077
1270
2451
924
666
1248
2140
1555
816
1410
755
2317
1452
1278
1931
1264
588
1301
2686
1320
2699
3357
1955
1211
1372
3096
2471
762
1608
1311
3684
942
1686
2048
753
1654
2560
1420
499
751
8142
11768
709
1117
1357
2376
1982
1793
652
2489
1726
527
615
1390
498
1778
524
482
2736
3362
2137
2886
5327
2428
498
624
1023
0
1453
2416
2519
722
1694
441
1238
532
1243
1244
463
3500
1755
1268
5704
1492
1432
2403
3518
748
1331
3504
2154
1323
7673
21023
1550
1764
573
378
2569
1701
6036
15133
1686
4525
1762
902
458
1920
9904
506
3518
1843
3062
2589
856
820
1126
1627
1037
658
1311
1980
2420
2879
2380
2024
1153
1211
1793
394
415
713
608
713
1828
4507
2405
1172
7135
1713
1712
720
950
2499
1647
1729
1477
990
966
1157
585
2810
1014
440
791
8149
2060
2709
824
2234
2077
3006
2909
1153
639
1146
2047
2410
1920
1338
1260
872
472
777
733
761
2245
4936
1343
861
598
1249
1942
5375
526
429
1364
1227
357
1238
1141
1357
488
1509
337
3904
829
3965
4639
478
3006
1034
778
1460
640
4490
733
1506
565
1516
2251
2739
1008
2487
1132
2561
1208
1584
2205
2185
1937
640
914
2950
843
3431
308
1988
1072
2652
1024
3846
6519
1824
3210
2221
2280
3378
306
804
3309
2862
738
616
4246
1550
1036
1222
6225
2431
1705
446
7580
653
422
953
328
812
1559
4793
1790
1025
3441
1908
552
6250
923
1067
1270
2101
5640
1132
9081
844
1211
1601
2324
1842
2442
2219
1367
997
576
2621
1757
1069
1453
542
974
3309
1354
1187
1109
7350
710
3648
2152
2206
2030
2658
1167
2485
808
2656
958
722
9417
2247
772
1940
2673
1873
5187
1109
3906
7347
1523
1677
1293
1009
1260
3681
4080
1925
1949
2950
368
133
1814
1148
1366
1673
1081
593
938
960
906
4177
3942
871
591
2557
1772
686
1122
530
862
8163
2213
1064
1503
921
650
770
595
1312
1205
854
884
3254
4715
1094
29
825
733
995
11136
1673
1727
3215
763
1205
753
2145
1647
948
703
2578
1393
438
426
3354
1429
885
4084
5872
1351
3660
1463
2062
1719
3929
3181
1205
848
1295
963
2058
909
723
625
1916
4867
1000
1213
1800
1731
501
390
5898
1960
1794
2996
3104
1135
3486
657
2796
1117
1224
6690
281
672
1062
1493
509
629
2329
821
955
3203
1498
1186
2802
1615
906
419
1154
2383
1313
631
1722
2155
4259
2310
2998
3459
2488
7328
1367
1891
437
2375
3781
2032
3099
683
353
980
348
2314
2077
4207
2897
2373
522
1726
1407
4049
1261
2158
868
972
598
3396
690
1967
2720
1302
709
2247
2143
3336
2721
1306
2302
1982
4256
2237
1792
1381
923
1284
1119
1335
1675
882
2326
848
4196
472
3244
2207
812
1339
2225
852
2016
1360
388
1748
2337
3724
1952
1064
2234
1337
671
2355
567
677
2654
990
3407
1574
619
2175
1862
2862
2228
1496
4178
684
2378
989
891
1577
1927
877
2472
3802
4076
781
1119
752
1920
1510
1149
793
1819
937
418
1742
2405
2687
1091
3136
1493
2217
889
2757
2411
13683
958
4503
2582
1586
2945
2178
0
746
4789
1127
817
5651
1941
588
3106
2338
1417
1318
2390
1141
1331
977
817
1029
1010
298
598
2601
389
1297
767
1409
2514
1579
1221
2977
1487
2260
962
2039
3447
2196
760
436
1064
822
272
536
2351
3070
3764
203
2284
468
1790
1107
7807
1950
368
6014
1850
1049
305
1886
1544
635
1487
1202
2125
2158
1472
1444
499
787
2166
1745
4032
880
3113
103
572
1287
3612
3915
1501
3204
570
722
1784
854
288
2812
15915
2638
2348
376
4886
2905
3458
1569
5688
1715
1888
1911
1374
1697
346
756
801
3564
3148
4843
499
665
962
695
1199
2525
2183
2201
596
439
2609
1839
1234
300
1775
2570
545
186
1978
994
5107
1490
2163
2073
928
851
2143
8108
1213
1393
384
524
3194
1683
1779
2815
836
4267
815
2175
302
1649
2197
2086
3250
1441
1368
1674
2593
1433
673
3952
3633
2137
2910
605
3375
1825
2284
1167
1882
1336
3294
2353
4464
407
1106
427
294
1863
324
6218
2013
6385
743
4924
969
1448
493
1665
811
5267
1113
1964
702
2735
574
2048
2995
436
2238
555
1875
1977
692
1702
1775
290
259
1359
1268
1766
1254
413
1257
3879
1023
1786
1098
1274
674
4139
1408
2612
1271
256
1290
404
3513
1064
1847
579
7304
2614
1145
2703
2694
1472
1182
578
3714
970
2496
235
4060
768
1913
2142
1405
445
1728
1107
1684
513
824
785
467
7223
2409
1001
2878
1354
3831
2169
734
869
1665
2564
9179
1906
2055
463
875
1355
633
3223
1007
799
566
899
6284
1328
2066
2929
423
2036
4391
1386
1420
1424
1483
2701
579
2399
1575
5182
796
7211
3304
11498
2675
12506
6473
5007
9633
4899
2420
4590
156
2544
3171
969
8948
6308
4282
3978
944
1532
1925
395
696
4272
3436
4215
5276
1542
1258
3421
1980
1701
678
746
2472
1686
3409
2509
2864
1388
3536
1764
583
2286
5837
2995
444
1861
2530
8777
1512
12495
1968
2280
4895
2591
2090
1000
1139
782
6236
714
2197
1673
2052
1516
2056
995
4231
3114
2057
1732
926
4186
1895
3528
875
2443
2660
788
851
4509
4512
786
1021
837
4560
607
937
875
3237
5051
2499
1553
1864
1355
309
1799
4082
3949
1404
1626
2976
1277
1733
1799
655
2920
2334
590
4310
1304
1421
2084
889
762
4719
958
2865
3074
2839
3099
1392
1163
609
1361
3028
10705
1039
1491
1738
2457
1613
552
1676
2469
2431
2876
857
1064
1185
1754
721
2249
1928
430
2296
863
369
3129
6680
3663
737
1226
770
1100
2060
3102
2833
1392
1424
1912
955
1915
1602
702
815
1468
1059
5459
805
2840
592
1053
4654
1558
1099
5755
1545
3516
1849
1832
1022
917
840
4101
1160
1213
829
316
1238
1732
586
2491
594
492
933
1339
1623
1040
1813
1433
1745
3076
614
2053
1486
4023
1950
1705
1285
1392
4007
950
852
1712
2594
705
410
3944
8658
1307
8343
319
4554
1478
4792
1412
968
884
1323
6290
1443
2102
1386
5585
504
3045
2049
7145
3134
2646
3222
2070
2442
2404
972
1424
608
3309
5469
3810
507
2836
4316
895
1917
281
928
3372
828
808
1139
1180
697
2909
4357
2153
277
2188
987
632
1734
2033
3415
2179
1139
1458
1995
1587
4030
821
544
1671
619
1424
296
1214
632
1581
2857
6600
750
1602
2373
2226
575
713
1982
324
894
953
691
1530
1558
1236
1817
552
3915
1891
789
1948
991
5686
383
2552
3625
4662
677
1474
1089
4045
4365
443
958
578
4028
3306
1144
1845
882
508
1281
586
7220
1225
620
1242
884
2524
1461
2250
2747
772
4444
1839
580
731
717
1904
3319
1132
3688
1298
846
1135
1345
2200
725
1406
1379
871
1268
2056
2918
1731
3204
3421
2571
1463
585
1007
7733
1840
3353
1934
1186
470
3375
1006
1255
7282
1665
5787
2126
772
1436
2427
5429
586
3023
15680
1047
878
1604
694
2809
1676
1616
7889
775
2628
2748
413
2229
911
2338
687
303
898
2456
935
981
1171
4927
1700
735
1127
2237
4276
3595
2350
3664
3136
1344
322
769
3232
321
419
735
1028
1736
1775
4925
1248
4041
1478
301
915
3338
2750
918
2982
423
706
1458
8819
842
511
4499
6037
1794
568
672
1015
5458
340
2056
1730
651
2719
1044
762
952
4313
2341
2013
5779
4070
690
6620
1579
734
1939
645
1561
2405
2665
979
1445
2427
2780
1679
2453
773
1891
3344
1759
2818
1003
1691
6298
1737
3289
4213
1665
1863
351
366
4493
985
1979
3112
777
2064
1341
819
2596
103
434
4903
2098
5083
621
2580
1962
1311
858
4733
949
1209
555
1238
2001
40
1209
5685
920
2310
797
522
1476
864
665
5158
381
245
1784
737
4453
1428
1370
5887
5959
535
359
684
5856
4130
1505
7357
1622
1914
10368
1155
939
2284
4147
2550
2204
549
4200
838
677
4153
3592
1608
2583
1954
4379
10335
4043
3821
940
1609
1272
2436
2491
5868
510
765
3969
3976
7046
1484
813
655
523
2297
2541
414
481
2730
3279
1127
2188
2758
599
4496
1531
1182
3675
1528
3319
520
1649
1465
518
382
528
2363
2640
2804
2161
7446
1362
683
320
1432
2217
1364
2492
1393
3072
2462
1020
999
3863
536
1388
4534
2831
2224
914
4527
3490
4538
2487
1015
6397
721
1273
3263
356
47
1781
1966
562
862
1364
244
2867
843
978
5834
4681
1425
2097
3304
764
3586
2128
367
368
2987
1266
2104
1422
1794
3460
3221
3833
1276
1437
1111
628
3670
1368
1486
3157
3808
2445
509
3364
806
4330
1706
1048
1820
1473
4391
490
942
593
2919
1759
1724
607
10112
2950
2638
2280
720
914
824
1493
3768
273
1399
4771
3154
878
446
6974
1789
1126
2022
1237
525
2097
1197
1528
1591
1499
3358
718
4745
1106
1506
1437
2294
2924
624
1049
1902
3036
1685
724
1494
1597
2243
1389
774
2603
1379
860
1352
1461
634
2324
2808
789
954
2477
1814
2165
1768
1335
535
5811
767
1721
1332
2495
1458
2075
889
4793
782
1595
476
1179
2787
2797
2033
1667
7398
2631
1612
612
1437
1544
2931
2426
572
1730
173
1340
793
564
909
461
2620
4252
2171
2197
1672
613
2557
935
10891
516
1432
377
884
2284
1045
444
1038
1072
760
2452
2764
1175
911
3401
1193
963
1897
479
761
529
2926
4094
310
1541
3737
1072
5324
2023
454
278
1694
1019
529
1367
710
1190
1799
3642
1491
1883
1828
1876
1388
1338
852
315
3702
984
585
8063
1036
706
827
772
3455
3504
5364
1846
3124
641
4083
746
2974
1100
1673
901
2846
529
1751
905
3148
3017
667
4538
3223
816
3963
2417
2319
1571
264
1106
694
2149
2523
2737
4147
4161
2711
2597
325
1177
810
3114
3427
988
2164
608
3079
1877
2008
1516
1661
747
604
616
1430
3577
667
4642
1075
369
905
3222
1486
459
1663
123
882
3089
874
1619
2264
2936
5970
1259
5475
1523
4913
1749
3333
11861
5647
397
2150
1763
684
1323
589
1591
4343
880
1932
3172
802
712
615
2310
7602
1130
1748
828
8722
5611
3140
2056
1336
1542
1482
2587
2052
1413
918
3528
0 
1409
795
6292
570
1880
8974
4650
1098
459
738
574
668
1690
3964
344
1080
9587
1055
1491
1072
2956
1538
887
3189
1632
3430
3747
4717
5075
974
8841
8105
12172
7421
7253
13760
8903
5665
4948
3405
12855
3417
4249
3147
21112
4004
3399
2012
0
3189
9734
8293
1072
1901
602
2245
6693
4118
764
4746
7612
6909
197
4738
2050
2487
727
978
3427
4888
1199
5968
3087
3348
5653
2639
1822
398
8703
5553
2256
1919
4437
1665
1161
624
4824
1474
1604
258
2085
4509
2779
2941
6192
2652
1927
1743
1004
1476
7969
10323
989
1652
8300
2258
2638
2564
197
2053
2374
14934
4056
873
3074
1257
2944
9556
1091
592
314
36514
5653
4191
763
5320
1798
1964
1119
1823
3714
3811
338
253
3977
2177
210
882
714
3324
3124
3351
3872
1856
11329
1647
861
2425
4428
5756
2739
3947
3512
8548
3026
424
3361
14515
0 
518
21306
700
856
1164
686
3364
311
5312
2266
3347
882
3049
3607
2166
1979
1908
928
6668
3682
8593
8348
193
1280
5421
4810
247
1592
2604
3221
705
13263
2465
437
862
5892
4100
931
0 
5179
10644
2378
4466
1060
5119
3323
12720
913
1208
2368
1636
165
2210
871
1963
5707
0 
684
621
3659
1930
3327
3679
1379
1667
1203
1673
951
3884
2985
6359
2632
24219
3022
1969
1934
752
3290
1772
621
264
4708
3368
1831
1659
2829
3485
269
2839
12864
7521
569
10385
2505
932
6556
1964
3513
527
755
559
6726
1064
2296
4592
1675
1724
1077
20269
4089
273
2332
5841
1725
2286
2023
2564
1505
1053
316
822
2690
3462
2114
1449
7179
1580
589
3253
2445
1312
2022
3464
2100
2135
174
2824
2804
1075
303
2890
3362
837
2039
1186
4979
4733
1607
3868
3633
5243
2648
2737
3472
374
5069
1955
579
2566
227
10023
1085
2121
3980
612
1512
3099
771
720
5647
0
1543
8979
726
1815
5344
1727
5462
471
3791
7795
989
2379
1295
1667
652
9424
3772
1386
4495
5178
2079
1068
6970
2686
839
3530
2471
2944
577
1895
1869
2358
3803
2196
1640
1794
1255
170
845
5740
1881
2299
1912
6695
430
9703
5903
469
960
794
617
3336
534
660
8040
613
2539
180
7877
3224
2088
5666
2606
1300
691
1626
4096
3285
962
3001
1826
3057
1236
1666
3037
7688
876
1841
2259
508
1709
3254
545
12684
433
5888
3250
2450
249
1884
885
1947
9203
3420
5183
1278
6275
3244
2708
2332
1675
222
2659
567
2689
334
1675
5136
2292
399
4765
3806
1006
9969
1059
2870
3406
3824
492
1704
4574
2369
3469
9212
3982
608
1261
3450
443
4184
2610
1658
1045
2168
816
2998
291
2534
2031
1564
4663
3707
1086
745
3394
2080
938
1409
981
2960
1481
1008
1468
280
3025
1504
3326
2503
1149
3414
3439
7310
7401
9058
204
6713
1539
3836
8068
1376
818
307
3981
669
375
3169
2722
3284
911
700
11225
1808
1150
388
6220
3745
12185
1900
2149
13966
525
677
2810
2076
3258
3363
1813
1283
3911
3583
835
96429
1575
1286
3582
3421
1919
4636
1250
1566
402
304
2395
2376
2698
2558
2965
4825
4163
2349
5116
3877
5571
3455
3552
3654
1732
674
1238
3847
2523
3437
1804
1012
2694
1001
6068
1435
1031
5234
2619
2532
196
4983
1033
1009
1235
1143
707
8436
4375
4546
734
445
974
543
395
1774
1412
1583
3087
583
1174
1221
1838
397
3927
6292
2173
8396
1009
2193
3212
845
426
2338
2207
1940
5866
305
1304
7298
699
1493
1100
621
1012
496
1050
899
1818
2788
1197
4357
740
1171
2475
2107
3137
597
4006
9662
1001
2083
210
2457
523
11700
4233
2760
5046
1196
6240
128
446
2343
1945
6669
3369
4907
2600
4212
4266
402
4407
9456
3642
2432
1273
6671
3954
7284
7397
454
2013
0
3531
1019
2626
4282
2244
3216
1066
1739
1568
6488
828
5564
4220
7912
2072
5345
1954
1344
201
1109
1450
1795
1081
4410
6093
3272
1154
2072
405
2321
6089
23244
3771
2657
786
4036
3758
3168
444
3833
3008
5768
3954
1930
796
1408
2828
3020
2542
3390
1049
3644
2312
1912
947
3015
1366
610
3999
736
2265
386
2407
1744
4037
11294
538
666
6199
811
2789
1329
562
419
4138
2271
5315
675
8456
3030
14200
2295
7259
795
1952
1252
6433
6418
1685
514
970
234
1000
1350
4619
6995
2966
1275
4793
1508
554
4802
4556
4527
789
913
1396
178
2240
2547
1929
2758
6722
3647
1404
1348
1109
1925
745
2769
5352
721
1913
2011
3888
756
2758
1800
2577
1233
28303
1687
4410
1009
1737
364
1293
9197
2152
4585
2700
4755
2351
729
1668
2414
593
493
6172
1421
1995
7750
1549
346
6418
482
4056
2036
1624
1019
3743
2704
1841
951
482
7984
2756
562
2791
310
1993
3728
1059
4160
10298
3496
1697
3079
1414
1831
1049
1123
440
1586
2713
5611
2531
1467
2621
945
899
3584
1151
4798
3052
5121
1127
586
11824
719
1289
5250
515
923
3581
998
239
4791
3812
1441
472
751
944
1611
11112
5922
5656
1161
1424
909
2324
3532
3269
3736
4232
1885
286
996
811
4333
3564
4639
288
724
1566
597
758
2054
1267
986
1221
475
2248
854
13525
523
3312
1362
11714
3434
10460
5980
1720
669
761
5545
2476
160
1467
2408
1833
6041
3251
1329
331
8030
5795
281
753
2366
993
940
6834
856
1369
2127
810
9923
1661
295
909
7906
5225
3877
3036
4537
4030
1123
3939
2703
1184
914
4106
1300
447
4653
620
4465
833
4155
2816
2849
7762
323
2814
833
3628
5375
6867
5081
4110
3469
390
551
709
716
1859
4964
5757
4545
850
4345
449
4503
3036
2659
2251
1984
2883
2396
17700
1721
1868
1903
1132
3564
7228
915
947
5481
629
1001
1336
750
7200
487
3172
493
1092
1282
454
417
6049
1917
677
1944
3279
5232
2494
645
1083
5180
1483
3091
559
16230
9769
4167
5938
19568
11626
3460
4942
473
818
9391
9807
1090
1156
2139
20837
7558
4041
13261
1898
13249
8067
10529
5236
2918
535
1043
4413
4923
1241
3527
3591
12790
3640
4812
8392
596
5596
8810
5841
3639
4823
5675
19429
2794
1434
10857
11285
1011
8816
1831
1048
934
3793
1581
482
3752
4608
1990
1490
2066
881
237
2829
2223
3286
400
1361
4806
5889
9338
1570
1053
3116
835
4698
1955
5689
1455
5216
2308
3533
1814
6553
1417
8720
1685
4753
3300
6366
1483
5391
353
3409
1482
3241
360
955
771
5263
12438
12660
11360
423
1150
980
342
3225
1125
1329
4514
3084
1121
1060
6474
3763
4721
5071
2958
1621
5682
3385
5634
2521
1911
2728
581
685
493
2878
5071
3597
2191
3583
23349
14797
513
2392
3104
2215
9413
1708
7882
1839
1807
1603
4305
1892
729
513
4405
306
1664
714
3138
990
2411
1698
2223
2701
4511
407
7060
6670
1602
501
1582
3787
3131
808
699
9788
733
5953
1079
1799
3925
8689
1365
1744
4050
6315
4933
3102
673
5222
4426
1763
1569
6194
5280
1586
1965
5146
2423
1037
5732
243
2434
4237
872
1291
1691
2538
738
3401
5473
3135
1827
12271
5436
577
1248
880
3727
1393
6002
5530
5783
5336
573
810
2901
11237
3547
889
2947
1609
7796
3977
1147
975
1206
7191
6362
1693
1686
1966
916
2281
891
1756
4198
20769
2596
1961
8146
514
394
2337
4827
1348
2180
863
450
4311
461
2191
3469
506
240
6083
6111
3317
1368
1571
1843
2325
13813
4265
1339
401
1386
2135
5279
8787
9289
824
503
5426
3176
4322
3747
1993
7312
4929
889
1362
4353
2455
246
19218
1821
1456
1245
8264
3942
1437
2544
1967
1029
787
2438
2126
930
5926
5982
2806
505
2144
741
2230
8699
462
4609
3191
3594
3894
1421
880
2187
1808
363
5616
7004
1708
1626
2301
377
3323
812
2003
9376
1297
4027
12333
1603
1909
2126
754
1412
10202
946
1446
1062
2786
6741
3007
218
1145
1397
1474
3398
3283
2933
1290
2044
1856
2082
69
1435
1241
851
824
4322
919
1974
4432
3381
2694
3762
3631
3691
6354
5741
3880
8653
4765
922
4087
1189
18758
15950
3931
6757
1954
1896
2225
3770
786
20379
1303
1582
379
3639
2766
757
1171
1364
3021
2219
6493
5658
1512
448
1658
4132
4156
3803
280
1030
4236
3621
763
4383
4398
3123
796
1154
1097
794
1620
1430
3256
833
534
838
8389
606
988
8109
4477
19761
2398
3208
1292
2066
6046
2407
2025
676
667
21984
3987
2205
3547
1642
5322
831
1569
3011
3375
1215
1102
5406
2417
7304
2779
2589
5124
1348
1873
3397
0 
2088
951
1300
6254
2668
3452
2393
1668
1223
8570
808
7562
1395
404
2081
2481
826
1304
968
4194
2679
599
5562
1523
3406
5236
6676
2140
577
1947
5798
2112
612
2284
1410
5750
1467
871
6541
7516
2398
382
311
3791
567
8987
2101
1944
1550
1811
1757
4731
1581
1781
1865
1429
603
721
3642
3400
1277
1600
5810
3094
22014
3664
3581
3066
1223
2226
2041
1897
1713
2555
1128
806
4035
618
10442
1739
737
5079
382
8361
3622
3118
7671
1562
5947
1763
4648
8358
1311
3358
618
945
2750
623
8649
978
397
3015
1207
4221
4209
2885
10001
945
1171
679
2536
541
2064
3464
1527
3659
6071
857
359
852
2506
4185
2007
956
9767
4122
907
845
256
4408
1411
2215
4990
1473
1708
3235
20299
1863
3659
21429
3778
1320
983
1644
937
1840
1651
5153
2334
1853
4477
867
13268
672
2554
1335
4018
720
12822
1901
6024
2038
1817
1071
1575
31766
2602
384
12115
2393
690
2927
2767
4930
3705
3883
1148
392
3150
1095
1697
2081
3172
2169
408
927
2283
623
1343
985
1045
2681
3691
2060
1279
471
5368
1534
9932
2363
3997
1983
12691
1578
667
3044
685
2187
4152
4006
1756
303
7776
2179
505
14910
8061
2931
2547
453
830
1512
7264
237
411
2037
2142
3731
2347
910
991
2647
1227
4543
2974
995
2066
2078
20752
789
7025
1224
848
2741
749
2681
3400
5347
6623
4827
6253
3284
2616
940
502
2469
3797
3222
4565
1947
1867
1737
590
606
234
2552
1321
1628
2635
2116
4906
1541
1243
2721
2277
1007
792
3934
1034
1541
920
4430
1032
2504
1324
3521
2600
2062
5804
1122
2177
6107
1827
3743
845
1704
1063
6035
702
1416
2173
9145
17408
4607
7392
2568
3756
7909
6258
5093
463
897
13652
3840
2110
1013
3791
1847
462
1383
4901
249
7077
6269
1774
2863
2820
753
923
1741
2122
3726
2424
4233
4052
1960
6944
2878
1225
460
3863
11223
941
1706
893
643
2874
1510
8693
4581
8679
1015
1260
3542
3553
3601
1278
13979
1954
585
600
698
2292
1052
4229
11104
2526
5206
131
1203
3933
1676
6222
4110
4349
2252
4344
2165
845
2257
1774
325
763
3223
3052
899
959
8666
2025
3052
480
2435
11465
504
7217
515
1059
2357
988
2932
1994
15980
2305
6707
638
6136
5694
2898
1330
7632
1930
5252
1199
6461
6219
9946
1342
4242
4089
4068
209
1402
4713
643
521
1004
4431
7752
4600
2026
1348
6319
3724
1197
695
7236
3286
2166
1108
722
7411
10151
3185
6557
1683
4432
4345
1170
4441
3873
637
2596
13410
1238
2897
1741
1965
456
2046
1216
1740
1955
1186
6033
943
2107
781
4202
908
1558
3154
390
682
1243
3628
1943
1429
7300
0 
3135
7759
12180
435
8545
1642
2140
1168
179
515
2710
1407
11673
887
715
4497
306
1353
204
384
1661
1801
3562
340
206
748
3036
5053
1328
626
2540
14673
1676
1712
4853
4488
345
1875
1934
1196
3377
662
1425
1946
1964
2513
623
2890
907
1866
6807
7476
2432
8370
2461
3891
9768
10367
6085
11369
7468
15273
11135
10742
12515
18975
6902
391
10252
3971
3523
7240
755
13926
25098
22375
1546
7801
6126
1133
7195
2045
17156
2608
6217
5489
6033
2308
905
5156
635
2728
13318
5703
2249
3832
1041
1458
3221
5873
1289
2834
3956
1699
1060
664
2166
12063
863
2140
1578
65
878
13571
8668
1173
1007
17212
846
1219
946
7086
3306
4797
2490
1398
551
823
1300
152
2948
3309
6903
8189
6630
14581
2624
17440
2930
6670
2315
1283
412
1938
5059
3745
14724
6769
1666
4236
661
4543
2971
2164
10714
4040
5361
2322
4060
518
245
4939
3107
980
3431
1566
2564
4049
1564
2695
3724
3097
5251
1765
5671
2610
1677
12567
3447
1347
3102
3615
7349
2264
1502
2573
2440
4197
2989
8342
2812
717
303
11442
669
603
5853
8524
27745
2960
725
1078
36
11180
494
6010
3248
1847
3729
2852
975
3469
1566
6272
717
2220
880
6457
3137
2920
615
664
2751
14702
2350
744
808
1792
978
1582
5158
1709
10626
1613
955
262
2667
1857
26006
1346
422
4138
3089
1810
942
6472
1959
11247
5867
3652
1072
2654
316
4513
1595
5279
1131
665
3177
2651
630
681
3844
3094
6815
561
6531
4540
2772
5162
3783
1749
903
3154
6152
1709
1685
188
284
12486
2804
6150
269
981
2419
16011
939
4318
220
10372
677
860
5468
1552
1887
2515
5429
1779
1897
297
1214
349
17290
1116
2501
770
18942
4495
739
752
5176
2844
2149
772
2464
288
2506
4539
3639
3539
1323
5288
10177
463
954
5106
382
601
425
8008
55454
3997
1992
11568
2273
5080
718
3258
1232
7934
486
2792
2037
2591
1020
3171
623
2623
8491
760
1434
8682
939
1660
1773
4393
3571
10297
796
13746
987
1987
1052
4890
18644
743
1262
1666
999
803
808
633
670
2234
1939
1843
3311
4792
2030
672
999
4039
3114
737
2416
354
998
229
3381
431
1808
952
2664
1610
695
1840
2385
583
499
5224
24350
1928
986
4548
943
4620
319
8426
1544
4084
1295
598
541
1519
128
2540
1517
6597
8095
1323
636
4732
981
372
1026
444
1665
2819
999
735
989
1011
1379
174
4753
1497
332
755
1992
71070
2901
5163
2414
1180
651
4991
1525
3503
966
7795
966
1053
1708
650
1917
863
6142
10268
451
558
10135
11559
2789
4344
708
467
929
7865
391
4082
1070
3219
1942
16156
714
12601
1567
4086
5357
2018
3988
1673
4608
4358
335
932
770
5137
1503
569
333
2018
12364
2867
2197
1013
5294
6160
990
5795
9494
10371
2427
925
5653
5195
2572
10903
7505
2811
535
401
1694
1126
17282
280
1523
2224
1579
535
926
2860
3747
993
631
778
12004
322
7044
8196
1361
192
826
268
6249
3963
3455
6885
845
4348
12121
38914
473
3594
1561
1838
928
278
989
7704
3128
963
3043
1788
3417
207
4159
1
4459
636
21390
4314
2606
4918
4352
3228
745
3258
798
6738
222
14096
937
3584
0 
567
2638
2501
978
3118
2976
6022
2468
1051
1621
616
847
8564
278
497
3528
0 
10931
0 
1275
13011
0 
1811
3691
4759
9295
989
627
669
401
8657
954
5106
4441
455
603
4446
9788
5097
581
6252
1210
5139
1462
4130
834
976
1194
1193
6876
1264
5702
925
2516
3577
1882
1726
3122
0 
1327
947
7282
1961
1887
358
1334
1562
2138
5772
335
1530
1002
972
102
1737
2428
606
1957
5607
2260
3540
505
4382
1356
819
4081
435
19781
204
11201
3737
8097
979
3315
2324
2962
919
1591
232
536
858
1788
5603
1000
4324
1117
431
959
274
5152
5792
0 
372
777
7198
295
0 
1196
741
208
0 
1854
989
1242
14456
17795
3848
151
5500
689
0 
689
5539
488
5529
2127
5201
6368
3915
15671
2760
11416
2429
148
2231
5797
649
710
4386
481
1412
4897
3306
2356
17854
1466
1103
1839
17517
2229
1005
3003
5858
3482
6750
2126
557
984
1445
2615
2146
946
594
2449
970
0 
0 
215
6044
1042
731
1061
23835
5120
11700
3605
1751
1005
862
1069
8330
2552
18920
11925
7050
1541
974
1395
3829
7884
3303
234
2039
9123
4638
6975
3089
682
2995
1658
500
1066
953
3427
3415
243
0 
2713
0 
1255
624
719
3108
0 
831
6346
1701
0 
1095
5198
267
1312
1589
284
0 
1795
4298
1137
0 
2438
0 
0 
10493
0 
1023
0 
538
1219
657
3695
1358
1059
5443
816
804
2099
1878
1119
4557
4790
1556
1243
5457
1548
4188
2525
5455
1712
12509
19277
4610
4473
504
2966
0 
0 
2312
3679
741
3519
860
12530
2782
1197
8053
336
6765
999
261
1165
1059
947
6225
6187
988
1617
830
3184
1165
4071
735
2741
8582
493
14929
3430
2029
1149
1058
4157
848
0 
5914
3528
5383
7543
0 
2342
2060
953
8231
1119
6649
1239
1872
8391
2665
2090
410
4164
1096
2596
1277
3256
323
5989
2158
6947
957
636
8008
1518
2717
0 
877
4469
1114
727
306
7954
758
2439
8622
773
7485
718
0 
2016
3443
2838
1088
3229
3078
2509
10327
5221
15033
828
4244
14223
88722
14882
2380
1047
802
278
4288
1142
1147
3508
3556
19466
7878
11351
6353
1413
1639
1880
6024
1626
999
1517
0 
10348
2689
1297
2003
3275
1952
791
7122
416
1974
462
14550
894
8371
626
4576
413
811
3787
3682
316
2172
910
3529
4823
2589
0 
942
1937
6619
2291
5273
739
25387
4507
4900
23947
1001
879
297
325
3785
667
1967
930
3699
998
999
1989
4827
8363
5471
2152
375
677
3885
1784
1501
7812
1144
5650
610
724
525
440
5843
2667
870
2024
21489
16969
4115
1406
6789
4825
4148
7142
649
2817
2300
4012
1
157
4819
2445
18519
5668
1009
2482
11235
29054
4343
3259
358
18703
11508
6404
9014
15931
2932
9134
1656
10822
6185
6372
27304
4584
7491
146
3150
16859
5134
8721
6565
9015
8717
1655
5142
10138
2961
6102
281
1075
7502
761
3187
5575
706
1762
1648
5283
10120
4289
226
822
389
1971
4421
313
6932
1766
1087
1424
5259
9754
548
2603
755
433
1953
533
934
1050
462
3253
241
4444
589
4828
55753
354
4451
772
3358
11269
1046
1585
1251
2208
10001
1194
455
278
770
1012
524
458
455
547
7590
505
3613
2111
6587
1245
3516
737
2384
2802
16560
3345
12153
1850
5460
1283
11459
357
3876
3880
7981
8924
1490
295
3945
364
510
575
2742
1494
16868
478
1042
9325
278
5432
1046
4350
752
0 
3769
2004
0 
1457
0 
3233
0 
1609
723
1453
10709
3616
671
2974
2113
3502
1598
4205
1487
2478
5428
0 
0 
8998
5720
5167
1378
5503
537
381
395
436
0 
2389
2593
927
308
275
1399
449
1535
6220
735
5438
0 
1852
418
2878
14183
2549
3074
6843
0 
1088
8106
1438
403
1046
473
2577
742
10283
0 
5198
2109
4428
4519
1430
5317
7981
4291
1713
6715
639
2563
9000
2722
4019
4807
2672
444
790
2185
0 
1090
5514
9552
1787
6760
1571
7517
1361
9550
1145
835
19555
3225
0 
0 
3318
5534
3616
0 
235
338
1291
490
1144
0 
6607
354
0 
7267
1644
1754
738
8116
8492
4738
0 
5265
0 
902
0 
2981
1146
7760
0 
0 
3975
802
0 
3759
0 
0 
0 
12472
0 
0 
853
5127
7296
822
0 
0 
3886
0 
0 
0 
0 
12702
0 
0 
0 
0 
1218
0 
0 
8835
0 
588
0 
7632
3563
1276
656
0 
0 
15568
3819
7004
2923
4209
2864
1545
1604
1718
5990
710
2328
2479
0 
1982
214
9768
3508
3206
101418
0 
2883
5887
2215
0 
878
0 
771
0 
0 
882
0 
2884
2042
0 
1489
0 
1473
838
1838
1934
637
2801
306
1200
3619
26189
4322
2013
0 
0 
18526
2118
0 
0 
0 
0 
7309
0 
0 
0 
0 
3641
1042
0 
1738
0 
3818
1714
0 
0 
1842
1210
186
1093
0 
0 
574
837
1025
0 
0 
1507
0 
0 
0 
0 
1976
3912
0 
0 
331
2366
3559
0 
4646
0 
0 
1265
0 
1461
5882
25434
1267
2673
1392
3305
2431
3787
0 
8366
627
52729
0 
4638
0 
1460
0 
0 
0 
0 
0 
1458
824
0 
3545
1083
575
7835
3421
0 
12239
4966
0 
2660
134
475
0 
657
0 
0 
0 
3192
0 
2655
0 
1452
4278
6519
0 
5848
393
2040
2511
0 
2181
0 
3648
482
0 
0 
0 
1237
2578
0 
0 
12
0 
0 
0 
0 
0 
0 
6796
0 
0 
2926
0 
0 
0 
0 
0 
892
2302
0 
0 
2989
554
2722
2298
0 
0 
7889
342
0 
0 
4016
0 
0 
0 
2544
23034
13522
226
4641
5039
522
884
2132
2320
809
2777
2735
8878
643
1908
0 
751
0 
1867
2135
662
2693
0 
0 
0 
0 
925
0 
0 
0 
178
6871
0 
0 
607
0 
4000
1663
23383
0 
0 
7465
613
1445
336
0 
8980
0 
1573
0 
0 
8489
6767
0 
0 
0 
1797
1286
1952
0 
2079
788
0 
0 
0 
11297
0 
4994
0 
2573
0 
21338
0 
0 
0 
0 
2415
0 
609
0 
0 
1051
506
0 
0 
1173
0 
0 
0 
3073
0 
1824
333
782
3802
0 
1942
317
844
2805
968
8736
184
0 
5640
751
4081
252
430
0 
0 
4420
0 
2407
0 
290
0 
9255
0 
7583
0 
578
0 
4609
0 
0 
1915
0 
166
3272
0 
2458
0 
0 
0 
0 
0 
3349
0 
0 
0 
4500
0 
0 
0 
0 
2573
0 
0 
0 
3417
560
0 
0 
0 
0 
0 
0 
0 
0 
0 
14528
0 
0 
8528
602
1524
7547
2370
713
16624
3654
1206
0 
0 
0 
0 
2261
1315
2285
0 
6101
2211
7412
0 
0 
0 
2877
337
454
0 
8010
3792
0 
0 
0 
2028
3619
3455
2278
563
2040
838
1099
0 
0 
2268
0 
1117
422
1458
3323
924
515
0 
7594
13369
467
1569
348
7552
1019
0 
0 
0 
436
4346
6601
487
1212
0 
29268
3050
0 
557
0 
0 
0 
2305
0 
0 
0 
0 
1016
0 
0 
1002
0 
2747
0 
600
397
0 
0 
580
0 
0 
0 
849
0 
0 
1257
308
0 
0 
275
1280
0 
2819
0 
1563
26890
2533
0 
255
1084
6681
2451
15719
694
3658
0 
0 
0 
0 
0 
2257
2214
0 
0 
0 
644
0 
4548
0 
0 
0 
0 
6575
7167
9809
5139
988
6768
0 
983
268
0 
0 
9204
0 
13170
7141
1525
8344
844
0 
575
2292
0 
0 
0 
0 
7642
0 
2629
0 
0 
0 
1885
0 
616
5533
641
0 
0 
5762
0 
0 
0 
469
0 
2937
0 
0 
1236
0 
0 
0 
0 
0 
1205
0 
0 
363
0 
0 
2228
0 
2101
0 
0 
0 
0 
1900
2495
0 
1213
0 
5626
525
3805
0 
0 
0 
993
2590
9667
250
563
0 
2950
3455
1951
1348
2898
0 
4337
580
5550
1617
2853
0 
517
1645
0 
6801
0 
0 
457
3414
9326
6229
8711
1306
642
2478
9630
2276
1015
1211
1519
13580
570
2294
1125
0 
0 
0 
6586
555
2387
0 
920
5932
11091
268
0 
0 
0 
6981
705
3573
0 
3099
0 
8924
0 
0 
613
2652
7722
269
6
13158
852
3288
0 
0 
2513
269
968
1880
6453
0 
5532
7034
0 
0 
8539
5363
1641
995
521
0 
5627
1033
12651
1434
2871
1770
1206
1247
330
337
2412
2956
2716
1310
5526
1613
3737
4089
3131
3685
434
793
2973
11905
6357
9074
10358
2289
5599
13938
2212
5526
1830
11545
6995
25
